9.27759280930115 7.24283388566567 5.93351648315334 6.30791319306216]
[9.38139384857139 8.87784202617744 5.26696425232243 5.96581803328877]
[10.6926220475598 9.70372661441304 6.12291943457783 5.15279708112993]
[8.19902307564632 9.80320717312642 5.48196563966613 5.57688085824019]
[5.91406595796085 6.62376410697808 6.82405687573193 6.72950291487635]
[8.33237616417517 8.22641237342498 9.88126437296101 6.06416642669644]
[6.66756609634115 10.0412085821464 6.58390828139937 5.94375512303434]
[10.2378211598317 6.51935279207838 7.20444934312459 6.4401605143984]
[10.4907774167784 6.92669657019399 10.6073691981937 6.53929785025616]
[5.48586499796268 6.45676498876922 8.13409153437734 6.83183346685974]
[7.10171888611205 6.10215825931172 9.4804718348474 7.3077180399823]
[5.86633381041433 7.93210339517458 9.49790882297595 7.26294214002445]
[11.7950209532949 6.845623306805 8.1109361297276 5.85632901007425]
[5.74842564297429 9.86761128832408 7.48860935440416 7.66951022074346]
[10.4187800363328 9.19027118402585 6.10949301000245 5.63560130067462]
[5.3721144779257 8.06459036630728 7.05840430079496 6.74628559148989]
[8.14458762953998 7.23813232116475 5.8490284917013 5.7030734027918]
[9.63960184920493 11.4166312051587 5.32958108730554 6.02122590154804]
[7.67771177200252 9.90778346152135 7.63651137716776 6.16689665967907]
[9.50323599435363 7.10039662450243 5.20710104724355 5.98624854458677]
[8.87593683492758 7.63055162785844 6.12227912139891 5.18119599825767]
[11.1421835376232 9.33901963573616 8.73003295439658 5.28715355124636]
[7.34893339434595 8.94036534491516 6.77552975934492 5.65166668141265]
[9.97739337314022 7.4793818581556 8.8384736578988 5.75748967522165]
[11.2142574110874 7.96870833121964 8.13400889968211 6.13166720504871]
[9.3701297413636 6.95830352761707 9.00840629564456 6.17241103422844]
[5.86303881206519 7.27208612801822 5.06127751344106 6.45754806066036]
[10.084893939677 6.3369386968191 7.85228750753413 5.52590319678819]
[7.9451557069034 5.4221752249042 9.56452959447017 6.18748300206505]
[7.80319190877652 9.63406208784127 6.53362671417535 5.98808105485133]
[5.1156200229476 11.7042888254229 5.35262848252225 6.22541894304253]
[7.38506211133803 5.76356002896674 5.7816115489337 7.02367469133885]
[6.05006183739495 7.39659230698127 8.08486839348987 6.26242567754829]
[7.81927504565787 5.06239918521848 6.79085401433234 6.50731300951143]
[7.81267127908707 11.3110115417994 6.5804087669942 5.7994453947319]
[6.62234926095845 9.47227777704007 6.31141591607877 5.28543709464757]
[9.22859510840692 8.80769304038759 5.76720522844319 5.63777496856473]
[6.88414383854631 11.0916362795627 5.05017674981146 5.86785565166096]
[7.54356140919862 8.78082058365047 6.60493884712814 6.15901696102056]
[10.0254045814058 9.62243884251188 6.88219676687809 6.13457930331135]
[10.8765396016314 6.83562861283299 5.86336554686219 5.97772841197851]
[5.68364769653371 9.93438716840928 6.40991265029109 6.65649667858183]
[10.9217143918414 5.48166959479551 10.4494504478334 6.43406818621007]
[9.55654305099068 8.73484112776095 7.11302208022012 5.34430204054694]
[10.5307299546379 7.4047044890633 6.1584747431166 5.73659478610656]
[7.65340974013282 6.25170984140112 8.07617566996299 6.60963884528635]
[6.94232800697471 6.54333440927335 7.55466822705715 6.39496094361427]
[7.60445437885774 5.44222548394295 7.07314899714163 6.47604251544434]
[8.53650389023698 9.00297603428402 7.1694866955703 6.09819727388441]
[7.57207706860216 8.3885369155932 6.08615073307008 6.46194245804446]
[8.92829277956796 8.24291296968628 7.41584686234527 5.71656689437555]
[5.47531335002083 6.85078916872018 9.01217375890257 6.46146752011981]
[5.26524882601325 8.73380198333446 6.8289005632286 7.15782250069309]
[10.8779275439275 9.01449000655571 8.68858176328366 6.14761559647501]
[8.18359095630939 7.20455900076005 6.77564216909321 5.86036101049224]
[9.4522919383946 7.53041477054875 5.83486248928833 6.33273329335449]
[9.95438983149886 7.67524657057746 8.42626130906737 5.23523291492939]
[5.10349275227283 11.2622653969021 5.5267763521538 6.08919557638999]
[9.41586490355078 5.61733665215863 8.22702362201692 6.52105885148455]
[9.94339134377824 6.78728026524971 6.27590147105675 5.11563287293627]
[7.19824042915076 10.3884140567071 7.01989414981204 6.70097505259543]
[10.635195155723 6.49404683852362 7.68047911422953 6.27571791080601]
[10.1904427032777 7.34260834723823 7.64019089839605 5.58148104820331]
[8.01317227769687 7.71281567329243 8.21156027609855 5.85929877499034]
[7.22516913421619 5.7955262617055 8.5586237991533 6.55116502147732]
[8.49751068716314 7.98825096756306 6.78323965098021 7.43916681769992]
[9.63685906363691 8.95841646933391 6.68869547277996 5.90292575138481]
[7.40012604268651 5.29256919248429 8.5966826248084 7.37807011016103]
[11.2550089966709 9.53000638660296 5.55763543587361 5.51236857261755]
[8.90809130931713 10.9163474243634 7.34225501103169 5.13830712127247]
[8.36154243399423 5.70534168855874 8.70492951411545 5.69243524631669]
[10.0187816002845 7.47912893635236 5.71310389455566 6.8057536312628]
[8.80794345059281 6.8263715919237 7.2894810895063 6.56997380033318]
[9.29566005033587 6.17304443946861 8.35679496860527 5.91166480409246]
[6.30989739844143 9.52130662990202 6.71241885339994 6.2891798015051]
[9.41315468119717 8.78959202598543 6.73930194561971 5.76107225648009]
[10.7277345384356 7.37873682132354 7.74658972741336 6.07728394339342]
[7.70526949998909 10.1303812409212 7.50765953925647 7.50802490723334]
[10.992683795023 7.20629138790725 7.09618758746808 5.37322957436728]
[8.39272066923538 9.23473407654147 5.63242167335716 6.12078247509329]
[6.52773273705757 7.27235068250932 6.67614305500368 7.50788487267171]
[5.57222657338206 5.55730646572046 8.69431743119344 6.63581188693727]
[8.98453770231382 9.18673937079637 7.95286565189954 6.05004679042115]
[8.10358622006204 10.1477299295603 6.23430905502384 6.52503449329267]
[8.5501923622298 7.33204934438855 7.61181657733987 6.13793860035036]
[11.780094752651 10.3473130867459 5.2799195380941 5.62525079322213]
[6.8047754910384 6.82692470359623 8.22881372867358 6.73370043559461]
[8.69010836949083 10.3095277269868 7.70324954566301 5.79376326850515]
[11.4182206041997 9.02404124940558 7.56285959258052 5.79367273992795]
[6.97816949900181 8.33707397467157 7.44647847519072 6.4038949909107]
[9.51219393252072 6.16299770866721 9.0850620156622 6.42164052419524]
[6.41615352756755 10.0220891761185 6.6285705038754 5.99775950210161]
[5.60525265400832 8.64468129248139 6.46274046164087 6.74434886321278]
[11.8557194133587 7.1349199359773 6.07062224548271 5.53927909202998]
[9.1292671361358 10.0540856517833 9.16034890450671 6.21282379948955]
[7.21699674943681 7.50268933650423 7.76968378052742 7.20628079841044]
[9.49921352812373 6.84684619864356 6.78257720632564 5.98526536538027]
[10.7089637875791 7.92563649118431 7.13546127256978 5.32239627497419]
[7.94769725365117 6.4015209538627 9.2707110874759 6.82032607654119]
[8.82648512585406 5.94608703083113 7.36815670109773 6.05931557385612]
[8.34226971943745 8.86837700525775 6.66695871030517 6.16891036279413]
[9.53678982486839 8.84326142473136 6.50835983138565 5.82098166877383]
[6.82312225649506 6.86593436234168 7.48167785422859 6.69851586443097]
[8.33581718609124 5.86448168995719 8.10629501199468 5.67195537450711]
[10.8097089650007 7.80043143608251 7.23773041065731 5.52468549601639]
[8.39693472368056 6.63112803069286 8.32364350205496 6.45469382184257]
[11.3491484990689 7.02575841475571 7.74340702618839 5.89149058063699]
[8.0852823430689 9.75643021714528 5.830589235452 5.34766172576996]
[7.87516379259244 10.8711572752638 5.11614853637468 6.48264940518555]
[9.36991854446231 6.93396210656757 7.74957239505057 6.59954401230941]
[8.71537678006145 7.74011247880527 6.55869458471816 6.01679253738207]
[10.606937810235 5.30113256864209 7.95635842387114 6.18106891364982]
[8.43668415414105 7.20669359745665 6.31980359752139 6.32506833731349]
[11.1279098477593 7.70641119251633 8.22389056921199 5.01382640241347]
[9.59392149296936 9.34554654803312 6.88547638552769 5.96060785164041]
[11.8861984660365 7.76043024909178 7.0027381362096 5.5694334124439]
[7.73904046320038 6.49457373823851 7.53447178925267 5.51607611989421]
[9.57127380911445 6.17178923132108 9.47998851427524 6.19338254600612]
[11.8702477432576 6.17853486042119 7.79663105526473 6.21251563110598]
[5.27660731905136 8.37996174492788 6.54020317256712 6.72119870421462]
[6.84144747743749 7.04954829118246 7.24271633126811 6.09911503248479]
[7.38080940364796 8.10517059720225 6.49508377906429 6.36083186728273]
[5.99608043657403 10.4290247835027 5.03641355010724 6.12706206167437]
[8.03891209675883 10.6778657073899 7.62514161126546 6.6359427521821]
[8.40512226242237 7.0276738320633 6.14375774735196 6.28855391362284]
[9.60782314078249 10.3362756675055 5.22112852390091 5.58952057723522]
[9.74422776257677 11.4736510070929 5.41798288135691 6.66056622005969]
[7.00556792319413 10.7987230508614 5.09103896223398 5.99386572854174]
[10.3498630259504 5.40718694877553 9.19374852153094 5.88139385694941]
[11.5248606097786 5.64284047728652 7.88577290828969 5.56557363003137]
[5.1572528502178 8.69176840774951 7.65054285991261 5.83400905902667]
[8.51908320860499 8.29800417924783 8.73948020873341 7.75520246506007]
[10.093813897023 5.02261905505331 7.38348067400141 5.7680013319845]
[5.36627366669011 9.46912997203542 7.30201621356699 6.67075631881597]
[7.75752466914156 10.4364823205218 6.3723233554936 5.74677574097477]
[10.857830443567 6.47670629364485 9.56766359086215 6.72942301170165]
[5.06788597515448 9.35959176875956 7.11593771401154 6.76252467009307]
[10.8876663983816 6.6449305258975 5.77564788573043 6.02927467151534]
[11.8209896132386 7.76842297148701 7.0641618989058 5.35554565790938]
[5.86039265505375 7.51473846563966 8.8185421525311 6.9737233922796]
[7.04395892121901 9.83074860002095 7.43317051692949 6.3918204275513]
[7.83467826721483 5.8502834978877 8.764437965324 6.18837255573372]
[6.27990576343796 11.5796998277236 5.79753129081771 6.66052754425027]
[10.0596105971796 6.40719026016128 7.41666775656333 5.72429911824431]
[11.1297193669317 7.07832588855981 7.77131171966607 5.74441812771892]
[7.94401499288536 11.994432739572 6.4152220818035 6.07265083556317]
[11.8566812019993 9.22796101843939 5.5556768147309 5.21107340766476]
[11.6947039379032 6.93314731846352 8.27144425229381 5.40227891339432]
[7.94433515271516 10.9244894163602 5.05334682886919 6.55438604755202]
[11.9263998989008 6.76929416291257 6.5451308549197 5.45466000742557]
[5.5191885971948 8.22249046406068 8.40353746969503 7.24969188650365]
[6.38267790900205 7.31420305015071 8.43276259883972 6.88898389797486]
[7.61152240735485 8.71021920189821 5.5874780644461 6.70335642004404]
[7.21447931339803 9.93792003214732 8.06785541773088 6.9212327229464]
[8.56225511360296 7.1159747850051 8.69686602459484 6.10483625109161]
[9.50299890729194 6.17057566105098 5.57879572167032 6.6255094637932]
[11.5614208592733 10.2083574035227 5.43688465953628 5.73102673801545]
[9.45655501560642 5.07064349085957 9.19949186096367 5.25068804583809]
[5.02412856986355 8.83352495427799 8.70312800594555 6.62584286760233]
[10.9986110239509 10.0162676884031 8.97975563139558 5.41152542420212]
[10.510903257073 5.59144715767605 9.20271337904371 5.82798874712359]
[6.13402646219073 8.99923661664148 5.1592037073659 6.01802658138668]
[8.86101306571981 6.85513624346888 6.79051020557921 5.89297103928595]
[8.08592785326702 8.31437008192515 9.99865053240143 7.05189555096761]
[8.45008723804833 8.75431241391861 6.20133329390258 5.76743341166099]
[10.5053496735554 9.32435110022298 6.72524752308504 5.10900176287926]
[5.65508026944332 5.72872197782571 6.65865856821888 7.1509127751195]
[11.3211620046293 7.9764590690755 5.70660389660564 5.81102790796117]
[9.7707281387794 9.78079160372113 5.53126180655749 5.41177524779584]
[6.31112883788991 6.99800247470056 5.81768387626352 7.23607979244537]
[9.01294291506669 7.38242908185273 10.9134627387661 6.48426470822035]
[11.4871100034928 6.34218270754784 6.96749220844697 5.50736731359148]
[7.06060291816752 6.45312746285341 11.3733768386547 7.2843621821989]
[10.2853945520147 8.62156251090191 6.44495400697287 5.14566413251223]
[9.78624607191151 8.58745699059834 6.90659654009418 6.00523545795571]
[5.61812302835157 8.4341286569496 9.00529084946106 6.5934411981162]
[6.06309767885426 7.26144737550903 7.05188936490989 5.21043056621291]
[7.00742442233709 9.9647750810025 7.27150868767103 5.87399606285171]
[7.78737762721475 7.94689341809173 8.30042286778814 6.54246939672359]
[7.99693479132523 7.35049181966148 6.54815274974323 5.95970607087766]
[6.89570914050632 8.11547713291127 8.61743015696653 5.80683464978948]
[10.4166930593515 6.99972008779253 7.95584091439056 5.99026054314523]
[6.57944783582598 8.19361342276644 7.83301719464634 6.80884569697368]
[9.61128051599175 7.40947438548487 6.36670536946232 5.83826697946219]
[5.92875603646139 8.38477369425213 7.38296338769189 6.90561582050528]
[10.9765612362229 5.50654836361862 6.96565497506242 5.99229939506528]
[8.84190889784396 7.2437885752275 7.31543974731558 6.16410705118246]
[6.26162209634592 8.88889379801582 8.31368645228192 6.12800055206311]
[9.88635972854982 11.0257745441368 5.10495975060981 7.18977422192035]
[6.39304986528874 11.1700970966055 6.16981736151559 5.41506452405069]
[7.34450973294144 10.8971118580234 5.66150070446582 6.32231872032888]
[8.1040119526871 9.07947390446885 6.22082154540273 5.14726950607854]
[11.2805080767214 5.57449272712989 8.15295875908858 5.93251749438805]
[8.33248667884606 5.70463341523232 7.71425668151415 5.90925906830791]
[9.39236801229479 7.78483077046674 5.37391159145497 5.79989643544611]
[6.95581730186309 9.9946096318481 6.88463064596933 6.48304599222231]
[9.5017573539569 6.06044728103635 9.10874399681317 6.31794519431537]
[10.2630040580861 11.1605799811626 5.87251864000249 5.95926784593924]
[11.1199911455455 6.72718714024608 7.13540765750967 6.01604249995044]
[9.48765921019998 6.04964510233813 8.3405531420198 6.6114945590266]
[9.07239697437428 5.96279353080089 7.50732976370852 5.89703589384149]
[9.2309940798396 10.3337842772272 5.4176734860582 5.21771615546674]
[10.5537145501219 8.59283970036067 6.13184633489803 5.20751974188197]
[6.69097147374456 9.7494882349774 6.61038916322781 6.74260553217785]
[5.11652665408579 8.52849441526238 6.85152748070086 5.29195418077538]
[5.8970951935766 8.28381687934059 7.87463127506528 6.92826371770987]
[8.9237231255945 6.8307504649125 7.25850980275111 5.29503912530938]
[6.06491580115242 7.89486064970066 8.13366062578542 6.21137008493366]
[8.60494815297292 8.11838397640212 7.66562621406797 6.57214623391139]
[11.7253523189267 8.31755724135873 5.64680576547838 5.08976845517917]
[5.62694013822886 7.57676225515698 7.20766060456276 6.56254290656147]
[6.33147632247173 10.1758525756479 8.29997089549612 5.268706248117]
[7.96487454116932 5.75643075872389 7.28040848172631 6.63178962693529]
[5.04049164795814 7.71492655377612 6.94628225061335 7.24540153898665]
[8.59535072423957 6.98462131948513 8.72915244614434 6.84367063513753]
[9.99556462635167 10.5297271925987 5.37600156153571 5.73208452820172]
[6.8380481138212 6.20955575580697 6.73929588161456 6.32429014314428]
[11.104636821644 5.00192780846335 11.4682579071396 6.32970959410766]
[8.13934006389678 10.4252210090282 7.64401273565557 5.6423582829463]
[8.09937993857311 6.77908265031737 7.93298268699515 6.08779664861743]
[9.91495943749497 6.89982102396848 8.99193060250963 5.82215315908228]
[10.2104763460599 10.7544097574415 6.02689242222125 5.29622370511195]
[9.89900560921231 5.94925609308014 7.62236827833874 5.9721351869727]
[8.60397680655535 5.09854822199789 11.0128047648018 6.15974759014265]
[5.17910880783237 8.93632020079794 8.20759529952052 6.73632712963566]
[11.5755390908214 7.65662254660281 6.08145530399793 5.32350295151308]
[8.29120329131212 8.36232708946408 6.8790839988578 5.67993264792344]
[7.41503135803847 8.39785148285354 6.25693564600402 6.0083461804014]
[7.67914346762864 9.34557398266238 6.73951040349309 6.01205028132412]
[8.82399160928211 9.63801779889076 5.79686843436323 5.77498638811719]
[6.33573299698211 9.52955520002543 5.78572356101748 5.91508119436362]
[7.42436989935408 11.5247542178427 5.11091279397458 5.71642926259034]
[8.83198766385878 6.66902044387442 7.64173634547515 6.6022252863384]
[8.13194896721727 10.2914043883175 7.29913424102555 6.36198479343803]
[6.06286293966673 6.53294857843213 9.0182061710514 6.61359342591994]
[7.56987528841894 8.87168978950115 5.07244777596941 5.84106578979936]
[8.89178558953666 6.53706127103598 7.10983017567775 6.45232518090381]
[10.6745446611169 8.97690305412683 6.52618865492576 6.41917463652604]
[11.534814245086 5.50456408865867 5.75438923804382 6.18084219297187]
[10.0092849532554 7.27618633061219 10.1324595582159 5.74523230345517]
[8.76192270592084 7.94621871850056 8.61583767637202 6.40529664164935]
[8.6439247737167 6.92607633427552 9.20699321027784 6.33428064758627]
[7.74050444291459 9.57961402600356 6.12749075509184 6.18470461360287]
[11.0816873133576 8.00625601577545 6.82126526503016 6.39819981448795]
[11.7111998620177 7.90391007757475 6.94796936587228 5.87813387348302]
[11.0798630697396 6.72849447473873 10.229845239402 6.2474558130799]
[10.3412920933094 7.94366468945061 5.00930888308661 6.9346154460125]
[11.1931386400183 8.25584332288619 8.30342150274755 5.11654942140671]
[10.3827469274846 7.55346530467854 6.81606988746555 6.01602338757887]
[7.55815542104803 6.76736182603807 6.82770461670614 6.43705811667069]
[7.08957608455795 6.78936059993526 10.4946023577702 7.40850793726551]
[7.66392395857955 6.75309527048464 8.24959809966628 6.52723953213988]
[6.14699232598331 10.5992273691187 8.08429420502944 5.89164770226751]
[6.12880717385192 7.10103859641693 5.89550357726546 6.85811902612532]
[9.76266462752836 6.6403868593974 6.01041141692818 6.35362260177164]
[6.09904144391761 7.86050521190966 6.42375980916572 6.54108638299462]
[7.38022814147333 9.18228510095215 7.0105054815283 6.51361774677569]
[10.5550813833085 7.96867156144448 7.52215631010445 5.99294152860684]
[11.4966169666704 5.69004895877669 7.56723644862722 5.2742364082208]
[7.86734708352821 10.1150756819382 7.41387936790602 6.02249778575707]
[5.3548713699452 10.9382777156313 5.75998372950131 6.67843469522477]
[6.65399110354838 6.42729913548099 7.59399075962459 7.23890484983351]
[7.61643608321514 11.0012588911961 7.55646822435403 5.62335932588746]
[11.9695982237366 5.67607784733571 7.68972826831245 5.70708487176106]
[9.93581216533268 7.41948340242094 7.14928806565869 5.54122660468345]
[11.5265198570587 8.24785969864226 7.74540563061114 5.26203454005238]
[5.50629757266965 10.9031902565571 5.79338551138445 6.67003274396761]
[10.808887842005 7.79507312813402 5.60258267553055 5.0603878039777]
[6.68221581656797 10.1813618885998 7.72109617269729 6.0003280099314]
[11.8072360695632 8.9118697349637 6.8496084884291 5.41147255562922]
[7.87732027918284 9.29426086943663 6.61690053164587 6.30944900327335]
[6.49994810771785 5.23052524729718 11.1869463791122 6.58277255465442]
[9.01736685206743 8.9965295080108 7.79410583692229 6.47864829421028]
[5.04423083535257 6.35350613853839 7.63717755778523 6.75201483883025]
[8.75479468391583 6.36790745032127 8.34949103296913 6.40849694494139]
[9.37248760918579 9.15996920543636 9.11740724498063 6.13676106298652]
[11.690798184778 8.47245113135033 8.22525863513803 5.05116569451758]
[7.50024959534901 9.3817598037851 7.16045732716706 6.33513113075766]
[9.59198502195331 7.91127655472605 8.94296183745834 5.70098564455945]
[5.6811735111317 6.03661281570243 7.82081465133364 6.56130720856113]
[9.05583265880381 10.8070151562165 5.66346499120671 5.36086676076135]
[6.72915098376125 9.11138000656426 6.66589734018482 6.39614150241901]
[9.31916987938835 11.2221416398037 5.51082845170226 5.51441716115995]
[10.8941105032289 6.94490971954506 6.17463012191229 7.03144124760728]
[9.67982036657407 9.01447896216257 6.4081042341032 5.90345910284674]
[5.0736559404963 6.04825426954205 8.45390226683761 7.45562026066061]
[11.3458891254166 8.03397210919953 9.04106345428047 6.89171889909791]
[10.1716751563589 7.65230591504349 6.67755600237944 5.80357651011234]
[7.5569263235508 11.9351575061168 5.15844142951319 5.79929170582341]
[5.72914607714705 5.7089510279128 7.62214571058573 7.48254693222172]
[8.30900477348246 5.32779136864518 11.6892154417457 6.72055693188809]
[11.9055195474361 6.0167803159427 7.06550536774694 5.66095578300873]
[11.1031484448405 8.25746731685968 5.39177047060253 5.56407796558132]
[10.330779058539 11.164094376922 6.22512304634563 5.54986310556144]
[10.4485950791296 6.51687979811207 9.38971025108826 6.11411829910124]
[11.1076789717396 6.2802256375054 10.8730412282001 6.83173492642133]
[5.96007058491692 10.7441234010722 7.13168299278113 5.65148871750308]
[10.4194531257485 10.7309163500472 6.60702804385482 5.41889388885522]
[8.95577443851796 9.07297447408932 5.02018866658757 5.79512179252304]
[6.43475096976883 7.2705647889145 7.27907878765988 6.07562639777924]
[8.58015656842428 7.38471585430632 8.17944563141666 7.45245289142306]
[8.29057034007592 9.75200371379592 6.47012345618089 5.2016964033463]
[6.06575134445703 6.10144794098384 7.38016379128293 6.5043457979609]
[11.8808801438122 10.5387773128316 7.12078965820639 5.22807662732941]
[8.19984487711264 10.1650930843676 8.03683008464436 5.83250096122332]
[9.21910060354656 7.6418808898127 9.01412944272355 6.08766332467123]
[10.7660675657093 6.35588410218046 6.83919976240939 5.4350684337965]
[8.42441141497923 10.887100563077 7.03148290553535 6.23565312246605]
[9.36013864652663 8.16643656190435 6.43273022381714 6.05501152434329]
[8.28451450903393 5.58260186210801 6.09605457123314 6.07705549202956]
[5.02750950494238 5.94396602747009 9.03834719949585 6.71301583561114]
[10.2943202085098 5.63071202760742 7.76451585637982 6.03013315143123]
[11.9092656273031 9.34531215826198 6.94719728529278 5.23243665927379]
[6.92201506819185 8.07758560313404 8.70714001238991 6.22512788108563]
[9.08920468364198 7.13768400825106 7.28835791097371 6.0728241093751]
[8.3890626785385 9.13325708675409 7.99500239797881 6.5240866105884]
[5.93426137291953 10.3130757999586 5.45565043887387 6.33491163756434]
[6.43852894233132 9.7411978794638 7.30269864054571 6.91112930641561]
[6.61577152053097 11.2266518718623 6.4165627528888 6.02967527762683]
[7.46231707573266 8.8964539596497 6.7059753959766 6.28510854248757]
[9.52714684150844 6.75049057041103 7.6476205117971 5.61896959623367]
[11.3408874146635 5.64081218268416 7.42219825684562 5.36511982407575]
[11.0773617787613 5.30673429251556 7.17627875555577 6.72590716829604]
[8.41682391674476 5.22053091739064 10.1986195662131 7.4753481611452]
[11.2691464160152 8.24890857678357 5.51877857858525 5.12135525834973]
[7.66053418402967 5.80859724682353 9.19940933196187 6.04373860594424]
[6.08247543614583 9.81195029480988 5.69527459191451 6.98124688019194]
[5.00418415104445 8.6196150473206 8.39490460439032 6.35581361491948]
[8.94466394843343 11.1972444256971 6.98526448443993 5.49952416650986]
[5.46965265605968 6.95259861165164 7.9919066678147 6.62705698445265]
[8.13207828476494 9.07007018459725 7.40996781039306 6.97922247578944]
[10.2971246733143 7.32555681949354 6.21764227310604 5.72750416288985]
[5.33663836802333 6.45866829264883 7.55358571126867 7.02714054127267]
[5.97820849199717 6.10325831553339 5.70391269407926 7.13482654990423]
[10.368096334892 11.1547753635542 6.57366808430982 5.21183084659679]
[10.034757677325 7.58556421424507 5.30518251160847 5.51063232962985]
[10.1880613043549 9.04255465641531 6.66892445971464 5.65470396394061]
[7.06995995974291 8.12479286341199 7.76947136340957 6.4065411255504]
[11.6494659961455 11.1348461851435 7.00911884741434 5.42011920075681]
[8.91078199750014 5.3371268007762 9.79415802350725 6.39279242812726]
[8.12935986735941 8.43579959730936 5.73794381520164 6.29719800218519]
[7.1280866390415 5.86882120954701 7.51300559702114 6.44121448974909]
[9.95010599989238 7.05542130704317 5.91874130742069 6.28002789241647]
[7.07253273729503 6.52555044182889 7.24518228541689 6.09416592823106]
[10.9355052925201 8.13493001757437 8.3513158197066 5.49932439134351]
[5.97252389746313 5.27680208452068 9.45011186306009 6.98054057056802]
[9.14914929487048 6.5034117016625 8.85823142190409 6.87855024033043]
[6.54234572844018 10.0608053956268 6.35778556441871 5.77735528236896]
[7.81678519712108 8.46395414317869 5.52185830178716 6.00256244101364]
[6.93422244554975 6.72718844612459 11.8353146719585 7.72717287840292]
[5.21571457748948 6.67593606186355 6.46732754608201 6.63956468071775]
[10.820999329044 7.84960813905633 6.16518036777416 5.75775463499119]
[7.25422647450168 9.27593855107277 5.68673080228558 5.84085063945079]
[6.16871402053499 8.58161685195538 5.13512868924239 6.2680706329713]
[8.30066511504298 8.14787642309584 7.43851336870333 5.85618368939594]
[9.78451781674277 8.09248866612073 7.22670526314641 5.27546899097103]
[8.15076230650362 6.64595525305124 5.00220528462236 6.06483026353898]
[6.80760280590403 9.97426620101983 5.94048828378055 6.02341662770027]
[5.50275037046074 7.90992232898488 9.9254080261356 7.31516863166792]
[8.06801532555138 7.07897629947377 5.81906866150237 5.54858484608239]
[11.8518927909806 7.54864832718745 6.38478100408963 5.5608603439092]
[8.41789046388118 11.4725784049501 8.19858242535229 6.34555878756291]
[8.67912096611726 9.23878507141079 6.62338143049866 5.77723022074704]
[9.9737401891752 8.45978295245166 10.2981984347878 5.5610950443737]
[11.0801185110774 6.47816227287934 7.0476367353669 6.5748143668251]
[11.6352618115256 8.06534770960391 9.26812859854384 6.05659181731774]
[9.04952904474823 9.40841907461315 9.04811576869408 5.73524990665047]
[8.01294752434531 7.80956412446575 7.93891542735347 5.61734600704208]
[10.3815652624256 7.78313808099606 7.68249366526938 5.9119633154433]
[10.2146723683612 9.0622269862939 5.96843389847474 5.60119666165091]
[9.44502078816244 6.52825036653825 8.39200624664264 6.36004241033227]
[5.22836695497749 10.9744002674119 5.88029121031414 6.44289543877937]
[7.9804563675931 7.7735317117565 9.29683857527504 6.29978824750152]
[9.66060200342252 8.31199354274572 5.99124233251092 5.8238611854857]
[8.1376180828998 7.86773303331331 7.00968761893499 6.54736991551644]
[6.80983641177983 9.33175640335055 7.94191526308291 6.62669869991577]
[5.92373906210312 7.06057038878313 8.28290098850875 6.23700958023319]
[7.78885295771544 8.36449724076531 5.45305783175737 5.65691003481541]
[8.53354218113429 7.62067327737728 8.78677585920301 6.91099334253243]
[11.6954677776635 6.02207846089999 6.84373988359581 5.57651417641472]
[10.2252972059963 11.3372229736799 5.10047201513996 5.13058962438311]
[8.67069684956242 8.78098466941995 8.17210741421678 6.6822132971557]
[7.03905281154273 9.31610544903284 5.17075665957902 6.19128876188564]
[5.66165426143844 9.82851239359678 6.12614941808861 5.75934332660836]
[10.598653270485 8.61637573079324 5.83785032113841 5.34100196394832]
[7.07408392498233 9.32808108214222 8.40762035596947 6.87354800422355]
[5.97061485897996 7.93095288507728 7.73551632542609 6.69812430836063]
[6.94451682882944 10.0857226865817 6.49852759373931 6.4462696345621]
[9.67446241035537 7.09184236933087 7.31187545106505 5.59612698843131]
[6.8682306847036 8.29101012495398 9.09611739305478 7.5550196535068]
[7.95516600978574 9.88424166286455 5.29039765516832 5.80179918576252]
[6.3237215302772 6.03796044094907 6.70983598673386 6.54080103969224]
[9.87676449328121 8.54747737956673 6.00298053641959 5.7290883293404]
[7.78605235137468 9.7081003445663 5.08051280908091 5.44838977552313]
[5.90432755289999 8.1616208156132 8.5952160628393 6.96009872999589]
[6.6027992792878 6.32297201174896 8.1687893746315 6.68613583625332]
[11.6727017944908 6.31300624622054 8.69024918446166 5.30239600508176]
[5.33907417552589 6.06164949194811 6.99719309939033 6.67861166353375]
[10.7397106680032 6.58452397856439 6.13060994083935 5.69674653294718]
[10.0063710989888 8.41550910771958 6.65258171045177 5.72604385593155]
[7.10314686198393 10.5605563247705 9.12713411818806 6.70201555070164]
[8.60680539223868 7.3052409455281 7.17871738526453 6.41846678463847]
[6.51190251915303 6.94382915554224 7.06729088076755 7.41097084255494]
[8.98793086682638 10.7830760165035 5.06824960239328 6.03766831235634]
[6.95807876319356 9.01462771682567 7.8697512455182 6.28763081398675]
[9.25955809586324 7.26983475504301 5.01035695484516 5.58513249082729]
[11.6585555243737 8.05973736851503 6.04915365862025 6.11095332906765]
[10.0211680780355 5.30731805796385 7.12685428604594 5.7904297600878]
[7.8980902796225 7.56242610157545 7.25293318108518 6.18437713273686]
[8.56839441652283 7.27879795000741 6.50968614350153 6.15953864884637]
[6.08191956841574 7.62604958022459 8.88252515318425 6.95833864236992]
[11.7832828322142 5.28440637037046 11.7733241406491 7.10222745514485]
[11.0193247911962 8.26964260033992 5.22552896042849 5.13701093024256]
[11.4417102967893 6.96823120275108 8.77063570020925 5.82125553214393]
[11.5188289894717 11.2008920754294 5.74382262261061 5.19190177015029]
[7.94117126551869 7.27944339293782 7.55750174981557 6.66109137551802]
[11.0074549125857 7.8369312380065 8.22635505697803 6.07450990264991]
[5.87294095784217 8.27682300018162 6.52678264207211 6.31196473356991]
[8.77256517597534 11.6223091556619 5.42339657551733 5.39106198482421]
[8.51426203805023 10.3391009548141 5.30945472091565 6.10398661365383]
[6.04819589511972 11.4225722766751 5.1104814813138 6.65289938246263]
[7.91160877807791 10.5643311244322 7.11747217753366 5.7429059424998]
[10.4815049017751 7.09023524501658 7.44380881027859 7.22556865929895]
[10.0141777668477 5.0269375548312 6.79134305549093 5.99257841143481]
[9.91959673611589 5.62989116079406 7.32550084058189 6.35512388014886]
[10.4061405721291 8.52859506810994 6.75589302711522 5.61538289707342]
[7.55322619501426 10.3012850191592 6.51481918242581 6.93888239884308]
[11.6994634778884 6.84097178890563 8.48794713328046 5.68589898919735]
[9.30036375802606 6.86448949349185 5.73661175066342 5.8854828420625]
[6.74950284647176 6.74368876506852 8.04386818601378 6.88253693092431]
[7.94642606163465 7.45506604999015 7.26773582994511 5.91500731892059]
[11.7009399762149 5.21200435526564 9.64771219781516 5.96590075850426]
[8.7113824589552 8.3393387006982 5.62599774762013 5.83677458259167]
[11.1218282884064 10.3426421364163 5.70516418735164 5.87352896330658]
[6.15043846858744 9.20809013319728 6.09597713871345 6.26240212424358]
[5.82799657741715 9.74721740531695 10.0370250438299 6.30649397847665]
[9.50697666449849 7.30214213308329 5.93908591483873 6.52180304115227]
[9.43573335095816 10.1570042364792 7.58574086019326 6.20877152002449]
[7.47659385763882 10.3465799792545 7.86896297750469 5.9599970370384]
[9.85108032879128 6.51623738586781 5.99923809812787 5.98052284655545]
[8.08835925260641 6.07193298384274 9.99443828236719 6.29703514034122]
[5.8451510061169 7.22068753618941 8.11223696495053 6.35539099558641]
[11.4587331876089 5.24995349693645 8.21962803275951 6.01925082993092]
[9.81790753970366 9.24354614705043 5.88864262980254 5.29109659002176]
[9.13212638035922 8.61008208968708 7.14355401323737 6.30545632038435]
[10.8830253277334 6.27829601981653 6.79519122382549 5.76474915216025]
[11.9074820590654 9.04678925845882 5.9696738936078 5.21039548204895]
[11.2984993784629 6.54809058901822 5.00234118574509 5.35235736010839]
[10.4441904714574 6.71590240378994 7.8318178749689 6.47808261452694]
[11.7704877163677 7.29570102170808 8.76111305309691 5.63269572627577]
[8.90703859602136 9.22131058560485 8.89248399601787 6.11921740404227]
[11.4873246737446 9.64599145224547 8.24230284620043 5.99977152941547]
[8.92723991379625 10.8599983348608 7.17293254084938 5.45011803630166]
[7.01561410068583 9.41847572285728 7.77881300720612 6.43693428231955]
[7.76066070401897 6.86104209816815 5.53626031021125 6.14227676598866]
[11.9089252047246 6.2206528760387 7.21859505501228 5.56859203488781]
[5.10220554315541 7.03259272889596 11.5917039435085 6.46461707502751]
[8.57051521688843 6.1545540814536 7.96193316467701 6.20068596963574]
[5.469264535307 9.5482664819597 7.19781705390481 6.21120878866627]
[7.28878470485789 9.08854754878088 7.88377859468298 6.36418716575483]
[6.6457595589441 6.60949129966478 10.1938938898133 6.77580250509154]
[6.43026343259235 7.04531970533917 8.88271388831787 6.71090545645966]
[5.25846849616462 5.63455760153765 9.29716443065113 7.84912105688633]
[7.45386986258575 6.818601675207 6.4007279176434 5.83786496165236]
[9.27468391359216 9.19015391365645 5.31373095291737 5.77068795758638]
[11.1482979611916 6.73127639662829 8.31187721462176 6.50127067859875]
[5.73562373800837 8.58813942181024 6.44059195115333 7.18039757528157]
[7.26993425063849 10.0845177464131 7.8373681411302 6.02604189694605]
[10.0728987811529 6.00123685727534 7.84371617439517 6.47019498780447]
[6.35145519454408 9.24085021577237 6.68251077169567 6.43177964975021]
[7.18702393138046 6.08496884682718 9.94454602528461 6.90092548700804]
[6.77239238936307 7.10488384631796 6.01538427719011 6.70233818280157]
[10.1147108607896 8.3752952231025 5.56951770957316 5.26216259379568]
[11.2919421506896 6.52373247224198 7.62230305558696 5.612267545138]
[11.0310468082438 9.59384548490408 5.80267433728722 5.11535754695855]
[10.9876836975631 11.176475442481 5.19326333358521 5.72861039075692]
[5.65720411666634 5.23253001025693 9.35911770718034 6.76839418635489]
[8.66200973459141 9.91501960199565 8.01969216090648 6.20203048303063]
[10.2946063450078 10.8539085935977 5.30411451972035 5.33173646419765]
[11.214523280163 6.57470130994083 7.01375227060331 5.97130341976101]
[5.16781211453986 9.42334021904916 9.28553920955732 7.22481042135019]
[7.80557650978779 7.71391888085751 8.39050378779397 6.32046184084791]
[10.2015706460908 5.20324398407914 8.46379425408088 6.44809765032037]
[8.57094472812962 6.90755438780055 7.56166630541498 6.30849829245095]
[9.45707159747053 5.15638109615278 8.60145308119438 6.71780777784479]
[10.5391325805974 9.12947131444557 6.25437746333876 5.50534203199657]
[7.87773620921261 5.34257145132163 6.53255851648965 6.63562570134678]
[9.7899856370544 5.80830771790717 6.57927092018377 5.85831623351042]
[7.13537653233058 7.77282921304477 6.07734257593926 6.84088952289776]
[5.30203923212178 7.38843611119274 8.75009023101208 6.80575140320415]
[10.4903091705432 5.12286752282319 7.99074254946628 6.19011099560524]
[10.2466938046574 8.92564081105459 6.63009979498021 6.13176600930409]
[10.1944934789147 8.93892388753788 7.33209197078139 6.05747804865188]
[7.61765613385314 10.6953858150291 8.52498513808507 6.50930121681049]
[10.2365723678097 8.52593593180305 6.99937105537202 6.01214749969129]
[9.08710840917268 7.01469534550814 8.86070117141329 6.52854467991686]
[5.31782897659239 10.6088192697562 10.8816247337418 5.4296716013004]
[9.15200377486562 7.63735323061886 8.70133020279511 6.82368498594209]
[11.4509572092223 8.49969942985312 8.19187713233799 6.02053248533017]
[5.88340875810378 6.44768943851262 8.73212032414749 7.09381369982161]
[6.98870014640604 11.0257736503818 7.10340561321133 5.91746617974215]
[5.52833578273161 8.74278313474255 8.93660678009695 6.41460937118024]
[9.84792619285424 8.07824698926071 6.04570995248793 5.53948216983944]
[11.2795599330639 7.16528253704878 9.4422832989728 5.9479194262063]
[8.23869609018925 10.1039701382733 5.50330636905221 5.90458335688225]
[8.98287187667722 8.94426716584641 7.23022477981261 6.82391479325746]
[8.29383629061631 9.1994769825381 6.51552472769537 6.41148190791313]
[11.8753826517826 7.9198622207265 6.90035536060931 5.5187566842545]
[8.64796635768353 6.63418771167028 7.25948979803357 6.20717577567201]
[8.39298208612705 7.70127717552712 8.1925817668091 6.09229735421335]
[11.8763718808458 9.31027318323117 5.53774573805585 5.08748783610526]
[6.11677564762761 8.38620477192896 5.35243278091575 6.20685930679821]
[10.8108387577959 5.66731251825513 8.19874991755908 5.32594566928479]
[6.20663432271797 10.2006940307765 7.67847500023039 5.86489143647731]
[7.53023372839805 8.86372287731303 5.9625516726027 6.94158223237393]
[6.78834772172663 10.4140699197479 5.13645792158921 6.16478066045371]
[7.96784394113948 5.79719330253011 7.5573425213344 6.24926938181913]
[11.248759562216 8.45583511969712 5.40777417452649 5.25561539287497]
[10.8107576325388 6.45310857855614 7.06145599670662 5.60371853158512]
[6.42539105126809 5.53088792925108 6.65120607698311 6.9417709522808]
[9.11462901627902 8.05206079675802 6.41384708453494 6.16801116596865]
[7.53965600714129 10.0372065354791 5.70380312520312 6.16527336239965]
[11.5004832069067 5.97228118779592 5.22103259642813 5.30243842078083]
[11.5638884163265 5.05981344050289 9.16177264961796 5.60780760656184]
[5.61334732577328 7.60484456487241 8.56304711138088 6.72403835335222]
[9.14163808364082 7.60673448709154 6.88829924413883 5.92911949850758]
[9.57477722485946 6.80951793910948 6.58242705160426 6.08716610819849]
[5.86935068203805 10.4233142168392 6.05996225368974 5.81249023194428]
[6.31868316369409 11.7227137868369 5.25816222904789 5.88685260235789]
[9.05433251497981 6.2791865143178 8.0128646377708 5.87813256086891]
[6.65794344269458 9.32434230488079 6.55317839285835 5.9656446029132]
[8.71317997573724 5.62277446557948 5.40705410811016 5.84869996192363]
[7.06950676321168 7.01400661095678 6.76514442455915 6.92400680050895]
[10.7168610658728 7.39618454027936 6.48356665759294 6.17634038665249]
[5.7669528126638 8.76494609384215 6.17060273529711 6.54092155470073]
[8.70942787334563 8.20604211874346 8.41264245583348 6.28615164492112]
[8.39858095150885 6.38814535528209 8.95613721572012 5.98979994894701]
[9.16917732322458 7.61639774027184 7.60736752282737 6.70781537225931]
[10.233464286329 6.64372991319759 8.8545727624482 5.77195995819056]
[6.98121310073206 5.97303089619011 9.04319930495226 6.78971196815264]
[8.20096199997503 7.49449132923829 7.37898297083276 6.1547583302213]
[6.53781547354851 6.07889171800029 8.56104426796642 7.11369670026186]
[11.6127083783969 7.86559002654136 6.69420610052629 5.21138520230698]
[11.6596374068046 6.0321812374473 7.35427241312973 5.15356316940355]
[8.48248181806493 7.62627544944811 6.28080924946195 5.94263201803744]
[7.90189384853676 6.9095374479732 11.3791348745674 6.77263951552665]
[9.02795522962984 5.06633093627457 8.55845252077139 6.45718454268043]
[10.5762484063127 7.67285929558808 7.38055216256763 5.70984769654218]
[5.76415634620704 10.8955714328641 5.23764202243754 6.33378745672634]
[5.14244639908749 5.17546644675665 10.3653968171429 8.07405163685696]
[9.39828844006753 5.40753478996686 8.03445316644648 5.78895034978975]
[8.27747005871251 5.02229062926871 5.64185055873903 7.00169472489417]
[6.62213936381367 6.00783001476312 8.97435504440926 5.93297213413087]
[9.38539950658105 7.44087794238072 9.43137826337024 6.21620397351279]
[6.88554184214669 6.31912890803124 8.81375783033847 6.72426891843081]
[6.85554987558389 8.51525119270392 8.45334317776259 6.55455345450562]
[5.56557877640354 5.57250277646343 9.65808580619017 6.28014489366245]
[8.61658998812461 9.40643908855695 5.97242532903814 5.60941452884198]
[9.43486896929058 7.64748881619254 6.77046484570011 5.26272099117985]
[10.0651642328894 9.89433137738621 6.74407695470277 5.43990071317332]
[6.80601159938559 9.10969292493601 7.22495483343637 6.56540909911068]
[10.4780629322636 8.43492902195319 5.53989176361465 5.36295201879113]
[8.47553219529904 6.57186191182935 7.36820620721087 5.99990514351041]
[6.81817134272134 10.1001974469885 5.52976193873148 6.25502773870737]
[8.06185124880286 7.26533266225426 7.06298612376833 6.65235136390747]
[10.3305743145187 9.40295658237983 6.73981566167854 5.70151052886235]
[8.56472792212175 7.72506598244171 6.07114461478926 5.84621685114894]
[8.05839603277971 5.52954349202281 9.66581037976918 6.47410562582481]
[9.51952311335999 6.83930891142067 9.02105044672624 7.03021804434274]
[9.43208377374797 10.308479575155 6.86611760560507 5.29501882328112]
[8.11462338734506 8.68399811299526 5.58315116195462 5.87838341801525]
[9.8791935595356 5.46227264543965 9.30757431852052 5.98046386202319]
[7.92000632525623 6.73840439002867 6.8343558420482 6.26390186877522]
[5.71320827805139 10.8511803840852 8.23853140443311 6.79523513486435]
[8.50771654563503 8.4208757879885 8.46534616910975 6.28224066987135]
[9.92792779909708 5.59090159975012 8.12718384624632 6.15471310667531]
[8.13927278020795 10.6014218615047 5.37433712322583 6.22504122788615]
[11.3965847930694 6.12893502027667 9.68137003914259 6.02200768501773]
[5.43006945359968 7.95393085588029 7.44250013207012 6.97502665411346]
[11.0856624720532 11.1250550490293 7.98146841322481 5.40640853496496]
[8.58493147034718 9.11413095626983 6.79636862824401 5.64455308714913]
[7.61674178771182 5.76381044369514 5.47183324245813 7.39398535121977]
[8.4937594232377 10.4932961924122 6.32053995354895 5.45858956219274]
[8.01689684642019 9.25472043232876 8.15175147782784 6.40999678466522]
[7.59117903291684 10.8915551243957 6.43115257582535 6.41877194863827]
[11.4437006683039 6.07147607590277 8.80767841866134 5.69840383596361]
[11.6396571226994 6.35329759716514 6.1897533936341 5.74278067710373]
[8.94498850185712 8.06127767734445 7.42393836583374 6.68276823874392]
[8.38417649301509 6.00271908845602 7.48022813736848 6.54981540827604]
[8.74122165812379 6.58132770415602 6.69891679640098 6.56446227869795]
[10.6855294556063 6.08901929822234 7.49478667431532 6.30667524106814]
[11.8094825414879 6.25306196322485 7.08133685533781 5.45732016048934]
[8.81409763142934 6.370194027024 6.54039389801938 6.77136493375657]
[7.55181652065974 7.50686429415057 7.0319290689508 6.36831721492655]
[8.84960765261186 7.40487090066524 10.3685164119329 5.7892537551344]
[8.96232250071774 10.5982172453863 9.39507693354427 6.35986458386957]
[7.12434873695243 6.38999439893724 7.68763728208693 7.13808365329807]
[7.31643028774073 5.16724348995946 8.27810199235012 6.93659688498626]
[9.64391606019239 9.45773183804522 6.57821015001072 5.64558353123991]
[10.6857666595513 7.95301410884917 6.82622068685912 6.03240434968416]
[10.7908416142317 11.3806129407336 5.90948401846247 5.56440840169502]
[7.65341153964802 9.4630810916023 8.13315635522219 6.37015396929918]
[8.77595228802761 7.74691588710817 8.80860462977329 5.58537506915211]
[9.59733932540433 8.59593645597127 7.78480215785293 5.97335206996389]
[11.7266560019885 8.96792275848865 7.21337870214822 5.88043936962746]
[7.11122059719121 11.7917340584406 6.32453050161712 6.37886942256053]
[10.959792007589 10.5908691420571 6.14985885375607 5.28255502325829]
[10.0273514193627 8.22192606962726 6.70197011532849 5.576655929723]
[7.4587926749803 7.59393910143912 9.18811234852074 6.1268627089991]
[7.92524000997378 8.18547168128722 8.70513028800671 5.71620813404281]
[5.48588829073714 7.12154685134265 8.23702097130202 7.58256782002076]
[9.78697786605506 7.04843700126143 7.24625684040429 5.69379504292001]
[7.74102390081298 8.66465356693741 7.38822968587846 6.51564489300897]
[6.21274049050482 8.56015695933493 7.80882146920657 6.87453372925253]
[7.39845143304748 9.28066481729455 5.78869372971874 6.18771171669908]
[11.2787220571561 6.37688408195646 8.00411576141221 5.66344654118544]
[5.46859200318116 7.57703447856916 8.41024296198831 7.11956704913436]
[5.76839735301198 9.63672235247 8.2832678921971 6.3941979655719]
[5.27848722757739 9.17290212883857 6.18507337857181 6.92070466924565]
[10.2013554934655 5.52357863786464 8.35310491023166 6.67415877902356]
[11.0730789934196 6.04416004191223 7.45357484203526 6.38876038573426]
[7.21250984208558 9.78792714875899 5.4109576217706 6.82126734818351]
[11.444386059093 5.09569304875322 6.29186379416073 5.48670008585361]
[11.5184784799339 8.66294185874331 5.93435310357594 5.11108335897805]
[6.72075213073771 8.96048536726328 6.52923671186087 6.01925489292815]
[6.33569998816141 7.62315477591276 7.98467109196397 6.4170651445563]
[8.52967766771848 9.2498579481613 6.14143812893711 5.66561507956521]
[5.51499871931985 6.49618284282342 8.26575590337429 6.92164499950688]
[5.35329170627911 8.9086832116509 6.23604913719498 6.62995665630734]
[10.1312754296414 5.82315396010423 8.77470873201492 6.91417385337072]
[11.1773121406818 7.95477596415413 7.16170172546896 5.28104504550138]
[7.22818079770315 6.61351258479996 7.20082705334984 7.25292255183513]
[8.11572988020466 8.91224604838499 8.42042949724024 6.23141556997219]
[5.41557357932659 9.52569718291072 7.30817644176055 7.22178327106508]
[8.76385256745272 9.69841479632547 5.5848286987895 5.82567764790443]
[9.80114737929351 8.2501155964637 6.63084491864414 6.11949635335718]
[9.62776823376647 6.23708536569976 8.89983702431241 6.60745301419941]
[9.59797915547572 7.14196733176105 7.26689097942343 5.68096344707282]
[6.37670075574293 11.0021851048229 6.3080885791214 5.5870092013753]
[6.26718724986138 6.38831717857901 8.31591999837148 6.76143809501335]
[8.00016665031571 8.56980680428709 7.02157230317501 6.30221426354943]
[6.56988009729473 9.69838231742283 5.03868405784318 6.42314353170267]
[7.05153440563783 9.17029652669106 5.13193911805343 6.09978560713149]
[6.38238209371426 11.9027853402211 6.7208845438403 6.70787339496747]
[8.05900662518962 5.87988577520511 6.19067484566871 6.44744636677984]
[6.6916653054669 6.1436584206629 8.24274891192317 6.95346928099976]
[11.8984255310702 6.0055183530664 7.88091643597442 5.06542983490493]
[5.41355404748644 9.32321595500351 6.35406487266265 6.83774043010497]
[6.76734405171214 9.41466599497079 7.74506762831546 7.22881235970105]
[7.24447015048479 9.1843959514206 6.49846560863985 6.64578272895871]
[8.9219372147933 7.74609179226711 6.35693766040133 5.67109070983378]
[7.31548264670015 8.48565276624529 6.38036219623039 6.09208547986662]
[8.7852109019904 6.38434958679797 7.5663379280214 6.51766449813742]
[7.84992305071648 10.6908229030956 7.24413596785779 6.14026740036829]
[11.9781785745776 6.33093233494836 5.54677765683211 6.00255982337257]
[10.9547411199276 6.82124800033212 8.08795734264188 6.03849506544767]
[8.11985422571002 11.1756488679738 5.62871843380051 5.26958844053801]
[9.44909259430147 10.6406659098719 6.84544951006185 6.0746760563132]
[8.02540730239146 8.91911227487923 7.46747600433372 6.00535172408607]
[10.8074384881445 6.13808520381451 6.68239818297975 6.21682009175801]
[10.6920904933849 9.14450997943727 5.48575462069407 5.58883701538298]
[5.71315762075603 9.18112890240585 5.37167616141725 6.86349526289967]
[6.44927980597382 9.44627047027539 6.28668529917125 6.46708928876942]
[10.1012678717191 10.4429857893193 5.79968322973543 5.78019093421606]
[11.5525582086737 7.23519517362262 7.5447115995889 5.97531565457136]
[9.50728059720057 7.96413771012868 6.52893299587299 6.34689171837851]
[6.3462799385147 11.129714896887 6.11806939313352 5.53053879878946]
[10.5588213501691 11.3625831504044 5.28474356650284 5.17919035662557]
[9.98745088364904 7.15789411687363 5.28106897805549 6.21808648951297]
[11.7050087026803 9.52335329705296 5.24269952380998 5.83900515702632]
[10.198040988241 9.18229584088407 7.28658645915963 5.5208578607823]
[11.4828197441178 9.63814865807829 5.98258010891066 5.62444088896082]
[6.5963399660756 6.6297271743649 9.99084782257998 6.38920688604084]
[8.74654837132717 5.33820486116765 9.89359329909137 6.79701988902106]
[7.29424382990102 10.3598127526158 6.59641666354603 6.67148382938313]
[10.1586455016859 5.48163976718561 7.99038784769222 6.29091789947277]
[11.881276227016 8.58001559598753 10.9182143362804 5.66387081872011]
[7.3803224424879 5.50381168581311 9.39843995637198 6.32034349613471]
[8.19976881574617 6.03712742348985 7.24250148896535 7.22843110675995]
[7.35958070502173 8.68895548366481 9.14918572794994 6.22467028222186]
[9.65776083968514 7.77207820331845 6.02864290257335 6.29302339600258]
[11.2511010196325 8.36828858365471 8.3388931849978 5.89956737161479]
[5.17494718007357 7.29577713015546 8.74172419192761 6.5656309878953]
[8.99466132600087 5.731813253632 5.27090002429623 6.17083603812139]
[5.21091147081174 5.1717228549031 7.59803865238386 5.69260360325498]
[8.50677854836742 6.62351976221925 8.32831696714589 6.17286525186411]
[8.79395880777254 8.96989920855224 7.94705234209466 5.78023457881236]
[11.0652369518733 7.40272862898107 6.41543878772608 5.48191718383066]
[6.83151988436204 9.38653576124664 7.70757538503352 6.30827239500925]
[8.17691064215223 9.80887420577206 5.05960060552064 5.65084618251933]
[7.50483606441751 7.00451295079674 7.23750146929304 6.39954099979257]
[7.02454523180077 6.94216414687953 7.07627527451233 6.25630849850507]
[5.56900685811238 9.36704062458778 9.14858792042937 6.89224783303663]
[5.74426260337711 9.14310670664225 7.23023221462481 8.09917743798714]
[10.7706403875877 7.04536080703608 8.10694392156893 5.84701538052196]
[10.9015467452361 7.87042005985306 8.40667896963582 5.60936749584379]
[9.39919756513325 8.1339070629966 8.05821598271851 6.40402429397726]
[9.12149843000456 6.95323039088004 6.8102062817854 5.87503705990815]
[10.4810236336282 7.8996202934177 6.58516881173782 5.34843879001893]
[8.90485082272604 5.572154015865 8.51082780604322 6.83228669789485]
[10.4566599648169 5.29761567337228 9.13628281070173 6.16644471683253]
[8.34783773141294 8.59578342302266 7.33612713493684 5.7121293888625]
[9.95449837138394 7.96849765428485 8.88353970615269 5.54896496035361]
[7.74351089546627 9.4623764339025 5.75192073064106 6.21932706104578]
[8.11791795725329 7.1580351091377 7.3253812137412 6.04947894137788]
[7.43373447415746 7.71291916277353 7.17820915893192 6.51567794002902]
[8.71744071090991 9.33989631919743 8.33175985293848 6.05992522973263]
[7.24646754378774 8.2258255355351 6.50230920397801 6.32575866313057]
[9.45813707716106 7.73072587416193 7.08928275227692 6.32040698941836]
[7.53226758783412 7.13770252066765 7.36024510797746 6.82023153474062]
[9.63142345545757 8.42888973700544 6.89208778068715 5.97408490777217]
[8.39676461439699 9.4263785236348 7.77851332076664 5.55187092223829]
[8.37299975873886 7.21360595032112 5.59802047548998 6.1760348462891]
[10.8825617920375 8.25482134308132 6.60638080340626 5.9979559533021]
[9.94002406438095 7.65498255459856 9.73888776628719 5.29189998210262]
[6.82448996799314 7.04489613092917 6.7858139324146 6.17405224462297]
[5.88471514348506 7.5651320045677 5.69390610539007 6.3394491318346]
[11.1005842874152 10.4590178680683 5.60391007158508 6.2091106051087]
[10.1446773727676 9.65218097882261 6.1003272769027 5.11985236401439]
[11.7617564165497 6.17355621223333 8.70405390469787 5.70651764967444]
[10.9199009695414 6.9938974919693 6.14061040256933 5.25713418716919]
[10.0831388491373 5.58737121039568 6.37289762100655 6.54467364181634]
[7.04698916108988 7.95018922275902 8.34502911887756 6.48738791963481]
[8.73763371899404 7.77538332079941 8.34996844344165 6.02375535303553]
[5.64517238883763 11.23485608227 6.36868478842415 6.26274908733852]
[9.99859147599901 9.19811089941388 6.99720073327518 5.09434167914661]
[7.69580128853526 10.0230206650539 5.79495141922404 5.30521582116634]
[11.1935213030962 9.05519084303621 5.83362854495306 5.42136535428002]
[11.0768672600864 6.05170088461849 8.4044892490116 6.55776095210916]
[9.51961843052497 9.47602762747477 7.07605690254913 5.18659202165433]
[5.10167357650969 8.76976103633773 8.84755044219573 7.1298166357234]
[6.00761338068158 8.36027001273402 5.96578694966889 7.0729173620667]
[5.71678958028322 7.40662313875492 8.90379358338197 6.83956665356574]
[7.01629228745447 7.21608301307995 7.56449996723408 6.06685274641926]
[7.53963879538449 8.22294350759566 8.43546337302137 6.30406314304765]
[9.97365420250924 9.51713856117846 5.12908073269267 5.07237159127733]
[10.743625376358 6.37851338116735 5.84003335670016 5.19151525370713]
[10.0350793349634 9.57078079633526 5.81410753312349 5.02134926628472]
[9.1672642017061 6.09956217048481 7.81364897140429 6.39864867558692]
[7.71999082211786 8.00215857281671 11.0615971527429 9.09954233562341]
[7.01024671058678 7.92379772293645 8.47886749026622 5.90931052524888]
[8.56030253276618 8.53345270283335 5.75474415030978 6.08456087451299]
[6.45312190540975 7.5744224570795 6.28727362840421 6.14634174227689]
[9.14840768175607 6.87436625513312 7.43222060918721 6.32476581876663]
[10.393431675868 5.4905731331291 7.416172096218 6.57901000091814]
[8.68345719141935 11.87166601712 5.10981205298673 5.11606719079442]
[8.96969771213595 10.7984843315416 5.00405343179335 5.79806473079624]
[5.75928955644595 5.70508758359844 7.52776512827259 7.6244659081204]
[10.1649911756516 10.2636863861645 6.96392402104444 5.54888775080797]
[8.22360208328049 5.8698851592541 8.99416769690349 7.35268480223382]
[5.44869431830283 10.2513515219132 6.52291087197122 6.3535321085754]
[9.54232644760286 6.48178703150293 7.75004836714768 6.12850243113708]
[7.72064538000388 6.2583753053542 10.6135303557388 7.31256702012912]
[8.95415169486663 9.93540823886332 6.59818741348064 5.35456278948599]
[10.8595363453734 8.31532989335432 7.15824914327907 5.00303060943374]
[6.33039096760135 7.58141182277844 6.8883739817677 7.01936502999315]
[10.3859447261404 7.19080907912933 7.33090488754794 5.97614875431436]
[6.12308303364114 7.42392407256888 7.51076139418362 6.5569464930589]
[9.24712559281108 8.9025085568198 5.74090742913238 5.83118439438437]
[6.28815413588148 5.10003666444312 6.12306727327294 6.63545989634572]
[6.37283191143355 9.2076572084399 5.06370844811609 6.43795588231499]
[9.62659331785804 8.1427752378394 6.93189412088636 6.104526924645]
[7.86636361427578 5.59545585203452 8.39714537681537 8.61556696723312]
[8.42687147229205 10.4215246797159 6.30945686309461 5.18854428709848]
[8.96359341688457 9.95896842840361 6.57988968092408 5.35726529839582]
[7.71163846692157 10.3244670785494 6.48133292300551 6.28268472841207]
[8.50463004570844 10.8991529303367 6.00614969333323 5.91353534025765]
[9.46631708768207 6.05146375502077 8.66087945020597 6.14552969037976]
[10.0432865656413 6.35909511192678 7.74678942052469 6.36724873500894]
[10.471060603569 7.85207205570333 7.15179617870332 5.34509192344015]
[11.3143481126513 5.57769682865255 6.91768601427429 5.80414430191963]
[7.0491947526734 7.39135879757585 8.12264298193176 6.77684766118207]
[9.37204757442209 10.134874485603 5.87708439411012 5.67855510583215]
[6.98311879716859 6.5172063441482 9.10395521634047 6.6501404583714]
[7.27134119669154 10.6129452443318 6.73553396505613 5.70201484033589]
[10.0705003896987 8.89944179229149 8.69607084193587 5.38701641926336]
[6.77347573371872 5.13804636582967 8.34757786307146 7.07715732404243]
[11.1835133272248 8.42370055144966 5.4452954471862 5.4403766201762]
[9.03497257518194 6.16140757743412 9.37377674131127 6.03796024972703]
[5.29945778490446 11.4756382867761 8.07025225791062 6.6119971286958]
[8.14894026324565 9.69307678710423 6.75748429996425 5.96718348394349]
[9.76454115622587 8.56566758664591 9.03599074093763 5.95854879929111]
[9.63225147368474 8.63287703374067 7.86657311448811 5.82500540029461]
[7.09378588875224 10.0212723967828 7.47192752998975 6.12386903159847]
[6.79085123707456 7.18777123772447 6.88941358013245 6.72701630005013]
[8.63232856195344 6.35684495050163 6.72273986987479 6.16084880684267]
[7.94301887791235 8.529533946228 7.32288078437598 5.99284505038374]
[8.71860948254839 5.7295577379579 5.52983504833498 5.18969940733073]
[9.97156383415064 7.54273688056674 6.30661172335424 5.22846823327044]
[7.28430266852291 8.45554889684772 6.17517506666855 5.97005989516327]
[7.60291184590854 7.82192046446995 6.72747705478863 5.92990641069349]
[7.61574801626689 5.98638874244938 6.92400405011175 6.69374375469026]
[7.67947692460832 7.54815046155108 8.53975812549183 6.78731922503394]
[10.806010772299 5.62552757061114 5.76183152604654 5.43518386794545]
[7.46088712174765 5.94161110488945 8.25926003114681 6.69158050822683]
[11.3619254509436 7.7215996742402 5.48140524274866 5.01012837642413]
[7.70066937500498 9.58064514246356 6.74940591975154 5.95309331731731]
[10.4015056869931 5.31201886744932 9.95204192270177 6.55468943780276]
[7.03130623624557 7.85101310301966 5.85387842500872 5.67379588053993]
[9.4367795755379 7.96619968788011 6.53005476201382 6.60021948392441]
[10.1251609416032 6.92292940770053 7.65072644116283 5.40140952857381]
[7.70159550290752 7.55511664891788 7.3742014960977 6.33526131554932]
[8.74452834121133 10.0018018959653 5.88572907159796 5.92403271239359]
[6.78829948926301 6.44050112113248 8.6587802154223 6.4254813868632]
[9.53726538651571 5.24086692502213 7.60137270382156 6.76493476736025]
[8.89793379186637 7.11861168891005 7.65749532746619 6.08831617435276]
[7.11833073779262 10.6389267736164 6.80784688307015 5.50362033148747]
[9.23243249406747 9.38853369628134 10.1669393252433 5.86514896532546]
[8.3611378058141 11.8416261475959 5.60082119636345 6.17877319762808]
[5.61919095861139 6.64879709856777 7.04923765474828 6.98129457765627]
[7.8948124894803 10.7191986384169 6.06647460088061 6.06088334049796]
[11.2655034576175 9.11444405471161 5.76950625053482 5.33779468207911]
[7.36502466266954 9.56034094700307 6.94229301696052 5.9085421711939]
[9.43330221707854 8.70841218353896 7.81301766986309 5.74472778526848]
[11.8448602147673 6.92642899815158 6.64137089485249 5.53066094829535]
[10.3570568662819 8.69969115665906 5.53328230859678 6.06631078489027]
[8.63275864530359 10.0372014671992 7.75057301512972 5.83294157423236]
[7.15832501630955 5.57591634451668 8.85232442152437 6.96195399827123]
[9.40957000471989 9.09816177363749 5.93124096638416 5.75311037360718]
[8.7590665453936 5.34422486636487 8.38076908835746 5.98040579450037]
[8.07168721966667 5.30217353627267 8.58181266144605 5.8130730268811]
[10.1117643717996 9.22793008706625 5.4348098510961 5.24844689929782]
[9.69528407732161 9.06920104169263 6.40039442049517 5.6936877098364]
[6.57021973111205 7.0753721945042 8.47298740325898 6.30686456363824]
[11.4493579678196 5.62776125979785 8.67391588612283 6.14028552697049]
[9.62639408261579 8.46739063172437 6.96526008588612 6.27826790515969]
[5.36307941516948 11.002423207658 5.42983183005449 6.40497561827753]
[11.3657977175238 5.89717976544536 6.04350192940615 5.94237804212551]
[10.4532326043828 5.09658280286251 11.347851595317 6.28579725114166]
[7.90470754137422 5.80859321117219 7.87782593375194 6.35127059628199]
[8.47452899518979 9.15837065440722 5.85210590700908 5.73117486277975]
[8.11444135679396 11.7365422953803 8.38572488879718 6.02885217470394]
[11.3380950662753 9.13773101692843 8.33771483869211 5.81175028106637]
[8.91692890509902 10.7821258109463 5.26922641783456 5.34987541863154]
[11.9739773138319 6.67854465488112 8.41613368517301 5.87272606641606]
[6.70597243293313 7.94889352940994 9.12268197306736 5.70376814466491]
[7.62927990583413 9.57038026411419 6.87046073681885 6.18709854362315]
[10.9697200470075 8.86172422114389 7.91637221519863 5.15197419985837]
[9.3820290601222 6.22633737010091 6.95709868095827 6.02387660742116]
[6.78063030192281 7.6537092119367 8.89917618701851 7.03820086657401]
[11.3733644365229 8.06071522679782 5.4162218339866 5.31203687566955]
[6.17026081049198 5.63022493905277 10.236200907723 7.94470586508035]
[8.52057533879665 9.90246110083387 7.86497215653848 6.37019613809843]
[6.70153168248383 5.8532780614987 9.99058768119758 7.67275089053283]
[6.15220640273189 11.6333888305955 5.80056220252703 6.09859620187186]
[10.1978721182234 10.752860573264 5.24261503682081 5.57591680045852]
[11.7396892604824 7.96311142484549 5.70955173685046 5.26021028574761]
[11.1853008916782 10.1767862324666 8.69115191646053 5.95815259092865]
[5.66578398290583 6.85555214496241 9.25332360880057 7.39025045674159]
[10.2423541997375 9.70210441242831 6.15288229761407 5.97471511949071]
[8.64233140759673 8.58842320711764 6.34157905880037 5.98257588845597]
[10.0855656968005 9.94779849497105 7.81069442150804 5.11547850686196]
[5.54362737754509 6.7938547444252 9.25195737413064 8.01008135364449]
[8.38480024204149 9.87032363704193 6.9767692394551 5.62348876416935]
[5.51174190948376 9.70619147211602 5.93224823051674 6.85862454960213]
[10.9499400297734 5.76454102476146 8.18453640050744 6.07761676027687]
[10.586457200075 6.65952252396712 7.12803397658144 5.79517792598412]
[6.25474536733135 6.52564087936621 8.13234926946407 6.60821680659078]
[5.04306225107193 8.9355304416324 6.09420349744912 5.50819914872389]
[6.37760156490968 6.82762696195381 7.49006893322988 6.57816915441688]
[8.49797657453007 8.37956264947945 7.82033587406647 6.7697049597745]
[8.70263667079994 9.7036249548183 6.04578894765728 6.10885143556678]
[9.76150437661951 8.40811373187238 7.51961545170979 5.43071471232795]
[8.59387076613566 11.0230370903415 7.43704747205406 5.48357553986126]
[7.89323995732132 11.8153582063409 8.50378674039578 6.21986075553037]
[8.093624115054 8.11026862006825 9.16621121291894 6.41752287633976]
[6.46843928059973 8.8364808644402 5.1939282489594 5.77033589142947]
[10.3371987240411 5.36530598243345 8.32443664400884 6.08276891529793]
[8.41334967943538 7.82965644719569 7.99389397686757 6.49874140448486]
[7.29099599612119 9.51182368218673 6.41198928153664 6.41255864816604]
[5.87218589411599 5.27350064804186 7.2086169492134 5.08515412622299]
[7.88852869374241 9.94873567934598 7.60739948875877 6.14132928406854]
[9.5622142759037 10.7448875994959 5.68870263410368 5.65476860563954]
[8.52249612022223 8.13260212587063 6.23371795094549 5.97911552910245]
[5.56768673372407 9.57403707185138 8.31119773571092 6.78201783164516]
[8.48557033424475 10.9310563785221 5.70355201907221 5.27996924656256]
[8.7840710117586 6.37816958064287 7.55751287514372 6.70707337853978]
[10.7245369573775 10.9665466961294 6.18861780782174 5.64508639083013]
[8.10908951208459 9.98793973257199 5.19171538659227 6.23350602803903]
[9.39302565801731 11.0252826018607 6.52777784906629 6.35546657340367]
[5.46496301660493 8.59068807395107 8.03472932291051 6.58989335674175]
[6.57710541564346 7.2110555575158 6.45224960296667 6.66169575705321]
[11.7480775539642 8.89476495524707 10.1977158796736 5.45235440256388]
[5.79088437955046 8.53207420609587 7.2926232332666 6.52362266859697]
[8.92595704745809 8.29877069404678 7.03187745329736 6.729234992679]
[7.88993268482613 9.02157792848902 6.55903464717718 6.34822042998505]
[8.94664624530369 5.43245029192896 7.71228704828247 6.02041863550164]
[5.44434950987484 8.34423166221476 7.81965689426148 6.27749864483609]
[10.0393197210872 7.44705589327823 6.87613961731619 6.25409812905534]
[7.75713406393689 5.47080304637728 7.70118769084836 7.02193418199278]
[7.79346650939025 11.4555846560547 6.89483592587407 6.58637788715546]
[9.21074376162036 11.4341562777252 5.22404579043392 5.01306595897281]
[7.70966869567001 7.70334923665442 9.68124573109323 7.584005226611]
[8.64436014227735 9.82348204342544 6.90832028572256 5.61919601572367]
[5.26181484229134 5.08901071029115 9.95933032887204 7.37435746533748]
[10.6460985288697 8.20802772080861 5.78150476124095 5.49329474747191]
[10.306787204126 5.07797580487645 5.12394604582185 5.3561135954941]
[8.27321190100868 5.92960676736533 6.97578425231108 6.12154200648978]
[5.40071503718049 8.36339274097707 10.0473084196045 6.89434817615292]
[10.3730255964731 10.8457516391994 8.45700669020678 5.84229885562816]
[10.7973455366952 5.27447018918437 9.49881313748668 5.21260726155717]
[11.6501778623473 7.83386620055924 6.45133619506651 5.96619469710256]
[10.8675494684972 8.3856238533013 6.43983408977863 5.44621834818812]
[10.7724308598605 7.98785573248663 7.76609142714764 6.11232841937359]
[7.47605990293715 10.3822411441337 7.45600409057356 5.60226397270833]
[10.0892175060288 6.2000084899368 9.4443361266016 6.79475337723313]
[8.68506072927019 6.46690616666848 8.56664336481932 6.67478857488501]
[5.31096729180681 7.0132082176037 6.04204647315284 7.73127723102503]
[8.05263251301329 5.46242697151862 6.93647420238162 6.65626671791349]
[5.80829063191532 8.59487996494664 5.50045545863334 7.03477440908283]
[10.1658043390477 6.89630290205408 6.65467582433479 6.63265280653227]
[8.12726258077118 9.86532695605639 7.19493265852918 5.36860697823941]
[11.577566964415 8.29158545684465 6.14425376491606 5.51336309290316]
[10.4952119457533 6.32831029723088 7.86624297509996 6.17138784773154]
[9.13105009684409 10.3645632645392 6.76766682659846 5.18891820872416]
[9.86759837770666 7.41670978984162 8.13103440096962 6.91503478298748]
[9.17190691844619 11.4454169118776 5.46709389066021 5.26097610763209]
[8.07250558671691 8.31694224218123 6.77033309739814 6.15954098984829]
[5.28383248369423 7.1180027702884 8.68737537472755 6.49521071853199]
[7.88411410485253 9.32813042297706 5.70375967829635 6.02013921741707]
[7.20894064168231 11.3402817730268 6.06454982822908 6.35656449857622]
[6.58986729660498 10.5946892722298 6.05157408285979 6.07615596785341]
[7.97274260033041 8.8065136561392 7.04583675229641 5.84884730040265]
[9.69203327960939 6.01367315582699 6.9686944162605 6.01360525292713]
[11.0544660791167 5.58446421519235 9.62017367381114 5.47285677701755]
[5.41868348130828 8.85876399472159 7.21426390807941 6.86130561888295]
[11.2297493570215 10.4681702206897 6.09880945112393 6.02718915965372]
[11.684955671898 6.09953771811887 8.24468807839705 6.37327114438531]
[5.62800608147982 10.001786656931 8.27151309110525 7.34677808874352]
[11.190973489796 5.92691817472594 6.73030285642718 5.48964219711699]
[9.50874793174047 5.43832378234303 9.35255827198583 6.1975963727109]
[10.005742020678 5.68002252324198 9.95823816700368 5.87938807891524]
[7.5993282844316 9.20152806587974 6.81941623226474 5.70721136521532]
[7.91565745396674 10.5955244223211 11.3422672054794 7.53359834210864]
[5.66830298581683 6.83327855601134 7.87199772358922 6.43538537318645]
[9.61841115998016 8.14593834759247 8.72030172401168 5.81372587464836]
[11.4049990804011 8.84212665788154 5.65910697952569 5.46602929144824]
[7.80991651933987 7.78459007146361 7.38685419095661 6.74252147459519]
[5.71503171708601 6.26324402763007 10.6359717130808 6.61852464754671]
[9.79758104231709 6.55935958464976 7.53722243960221 6.01391960644149]
[10.1223953166669 8.40554102870942 8.54055610736147 5.79029093907254]
[8.4177268737974 9.91551058193846 5.66741299504432 5.57755642419201]
[6.82897933378609 8.97876446659154 5.04378268022074 6.70070656564514]
[6.72797641658906 7.68345094280809 9.10963789024549 7.13696610567019]
[10.6188528426731 5.12943220749445 8.66667001590208 5.78282739490514]
[9.85663687861041 11.4484772003822 5.11262468900122 5.29327871596235]
[8.1377365867403 5.2436929843206 11.6062673462211 7.31850159716734]
[6.73491947447839 8.28005092706485 6.42796789518643 6.2116063499801]
[7.81235679385001 9.09951293300209 8.2895566456246 7.73774456826835]
[7.06896261066477 6.98139620928499 9.78023640385314 5.56960689607423]
[8.41711465528719 11.9359513611935 5.30913516342272 5.87249467724071]
[8.20257814761161 7.78835227695024 6.42850081735545 6.24348557844108]
[10.1955805335679 7.79588113983314 5.81259731051917 5.54996506052551]
[6.65910164956051 7.82346776443463 8.88587682110304 6.45176039080367]
[10.5220666162251 9.38759545872136 6.66539975594995 5.3222368642451]
[7.24881135672423 9.91344721008734 6.94469893860503 6.30111379193725]
[6.97684795805969 6.04689449010585 8.67044856942755 6.78294439385237]
[11.5947114905968 9.39138902168068 8.18830232980578 6.35677815841751]
[7.59303757364729 10.7841190309083 7.6971486184675 6.28741194936341]
[9.69317345141081 8.75011434824073 6.34031352358042 6.41617132515467]
[9.70341390854643 7.1804651608787 6.0929514978738 5.66539374185283]
[8.61776588859757 11.1679191649854 7.03721261522192 5.82141186633002]
[8.30143966790558 10.5643853649145 8.13519647309666 5.69113618290184]
[5.88266333398475 5.11642157772 7.01345644067187 7.60186578122347]
[11.103838407277 5.51180729142211 8.69530837042675 5.46263518771505]
[8.90310490992141 9.22531291099456 7.15738818388125 6.32071311478673]
[8.14818582941784 6.63250710790183 7.72923003293732 6.03015057797614]
[8.1567829531926 5.49844423243991 6.57823635433512 6.03512377980762]
[9.40529386892555 6.48987786836608 6.2984289925698 6.72289091986664]
[7.23593947968586 6.38798413146138 8.39272866941541 6.39022846640761]
[9.85553028582495 6.82428372477381 7.00177056027746 5.6180069634126]
[7.84367640703609 8.01896248840078 7.2704776677814 5.80476192013217]
[8.4134175444958 10.1832075282015 7.32885612521935 5.9576634770807]
[7.96772867542179 9.33614445866083 7.10329840521316 6.06849789352536]
[6.87814888444907 8.22573529104617 8.15926646507929 6.07760972243207]
[7.88712957631932 6.22903541761447 11.2881302362924 6.47661173418707]
[10.4108036024799 6.41044356861777 7.95496422017911 5.88533830307252]
[6.15224060865372 7.51993300619484 7.1150852009806 6.62018333682363]
[10.3955044700728 7.75961936152347 6.25574493818999 5.81565494135097]
[9.98355570252087 5.55971269379426 8.08987720815218 6.14046829091966]
[9.21817584900612 8.46488320832286 6.57073170348437 5.74680546242163]
[11.4970896613225 9.6274327580691 6.87336784016932 5.7532980676542]
[5.81810604722764 9.53706863436743 6.99918805174818 6.57710621151901]
[8.47258633120162 7.39786540219515 7.24243849704014 5.73067694327906]
[5.25067401511524 6.84892692681399 7.44489850905445 6.17556391355824]
[10.0002041651811 7.21919136158802 6.61454239588136 6.0699335864423]
[7.11692809088692 10.0552792472919 5.94931400253123 6.49919644888648]
[5.36580219738894 8.62153950394893 7.21979019611862 6.14848841586188]
[5.47082246805373 9.78107144992288 8.47154786413526 6.08719875302284]
[6.13137264533912 7.76779477231911 7.59333050710508 7.27271958363277]
[11.2407679714777 8.43884475851322 5.97968008813669 5.36348263236886]
[7.33657728703423 10.4464131699135 7.12437660528958 6.10813890978276]
[6.20432926478185 8.95095862964395 7.65045137364007 6.64744550500956]
[7.81046828297207 7.71160883817577 6.41373838594394 6.02504427806122]
[9.71677123012273 8.57945620856528 6.53303221732054 6.38367317643357]
[9.17009478167813 8.61808904190244 6.64773857955562 6.15209134218339]
[6.47974689211781 9.26128025757597 5.55329619500798 6.99850799446843]
[8.53212839677508 8.33424540672733 5.8127410909864 5.01795351815758]
[7.23103600800178 8.90215559646368 5.82563547413963 6.63864678011174]
[8.91105433522091 5.95772917008205 7.18760040057494 6.66339944566872]
[