1	 8.38640970547137	 6.65206459832990	 9.25340899939379	 6.12210936270431
	2	11.47174561833503	 6.88159003640127	 9.35722657222265	 5.55953923603233
	3	 9.35744107333980	 7.76050018607139	 7.52248263888872	 6.66070883253532
	4	11.79462832089452	 8.84904849612396	 9.54663595886239	 5.86135113067846
	5	10.60333708223467	 6.98611327352300	 6.65687557067754	 5.79843895114186
	6	 9.99227622682918	 8.40138468818306	 7.29067133904427	 5.54635515729128
	7	 6.85386681919369	 9.61502157413213	 6.72665279049544	 6.17021595187704
	8	 7.22585612837712	 5.98643566600382	 7.66228380776991	 7.24401202983452
	9	 6.02120294740299	 8.82748462758594	 7.54667264901398	 6.57719185154700
	10	 7.81781171233356	 8.62835915477718	 6.69726720537751	 6.37457957246354
	11	 7.41500923685725	 7.43485281864021	 7.99043379062193	 6.48482328886511
	12	 8.03069531050207	 6.25690178404796	 6.09093011988645	 5.67595896061141
	13	 8.99392642494794	 8.28778594511316	 6.13973684710108	 5.83600264194769
	14	 6.24245696460346	 6.39232539486031	10.84375535721419	 6.36547052046049
	15	 9.01023319607629	11.68740944894835	 5.69616732483115	 6.19037506643131
	16	 9.65669838710216	 7.92589484304334	 6.60602391314122	 6.09008609139752
	17	 8.01383159007860	 8.87589828833432	 6.18744116565941	 6.46341139819787
	18	 6.41168277703518	11.65174704526084	 5.49260854548204	 5.76322499127593
	19	11.86071617832331	 5.58525736824701	 7.17211512854709	 5.06082016193722
	20	 6.16988486968262	11.78961088001470	 6.84648432837472	 6.13006129755091
	21	10.50307551032826	 8.35431195348345	 5.24642726566315	 6.32424486960449
	22	10.20706145000350	 8.50839048007318	 8.52712330116200	 5.50646744442542
	23	 6.67901786642918	 5.58637733835291	 8.63780188181508	 9.79688443744826
	24	 5.83844381890308	 8.44063550564077	11.22412896684246	 6.13391763721968
	25	 5.02725511916500	10.03499520640502	 7.80231695276266	 6.54152914586194
	26	 7.91401589299405	 9.43722696656540	 5.35523258143446	 5.59975014714696
	27	 7.98004967073562	 8.17745136624177	 6.32951390326732	 5.63731883625499
	28	 7.98467051395001	11.57545107974183	 6.83123357010320	 6.27858288227011
	29	 6.34805208941412	 7.25317285835048	 7.58786865181772	 6.59504070525953
	30	 7.08336994763901	 8.92594639512021	 5.92035329828115	 5.98401448315642
	31	 9.06644162062782	 8.98837754871222	 6.19341005514600	 6.00305466546488
	32	 8.48729551927738	 9.17269835317290	 5.36419157013662	 5.59485038217624
	33	 8.66648920402347	 6.93300043060390	 8.38462196805040	 6.03127556347140
	34	11.83627063752078	 8.90221524236904	 7.55194888744446	 5.19695360377865
	35	 5.09649338467916	 6.60060145222713	 9.36785231110391	 7.06996018633803
	36	10.14756579853665	 8.47018085753289	 7.61659609253176	 5.72166332448810
	37	10.88873903559452	 9.06214456213366	 7.61335949698699	 5.47398480579050
	38	 8.66435312312922	 5.81229049155926	 8.55479425754780	 6.47574711245415
	39	 7.77804978645783	 8.38793000591525	 6.76635383352524	 6.66232938066654
	40	 5.96600192497750	10.92926350511743	 5.40151489712682	 6.59120257044565
	41	 5.59690630619186	 9.91317237753740	 5.07563394246842	 5.64387291599931
	42	 6.74012145870261	 9.04595375599635	 9.06481634407877	 6.91232814922274
	43	 6.03915855388625	 7.71614169885073	 8.28544678648988	 6.36744151062543
	44	10.68083156161457	 5.35912754560182	 8.45534166067838	 5.98217635572583
	45	 7.86523236391356	10.61707772747047	 6.51071080752149	 5.80556023866074
	46	10.59881295279743	 8.70314595132368	 6.93415201276310	 6.13852414071696
	47	 7.06365029787463	 9.07856555481288	 7.53503836286952	 6.52970502515429
	48	 9.66573092179861	 9.51712670813631	 7.56413274760444	 5.43826427090938
	49	10.55908768529984	 6.53006759211473	 5.23363222181494	 6.69026800097002
	50	 8.37783980089781	11.34206626209622	 8.52375903867853	 5.00311515741636
	51	 8.60678360655386	 6.63301566152829	 7.46356953969518	 6.93623756199315
	52	 8.10058227419441	 9.67607064120733	 5.07417893078212	 5.92823677000808
	53	11.86328450036617	 8.18571575346197	 7.46703693228165	 5.34308211339548
	54	10.91964716957687	 6.32937436794021	 6.97739368373887	 5.31821065018457
	55	10.69583569884245	 6.60565970760443	 8.29033521579438	 5.88004180161757
	56	 7.99079208388755	10.25400562851183	 8.83683368944479	 5.80492792288328
	57	 6.23273822505752	 9.36429957708976	 6.87922116365394	 6.78874486297183
	58	 5.88386384170986	 8.59117274674032	 7.72631503884364	 6.09387234225471
	59	 5.40661550602730	 7.28181911598468	 6.79417546649187	 6.21515229248254
	60	 8.26547024374017	 8.25847144246441	 7.78496725231724	 5.98659129929383
	61	 7.19259795212615	 7.40286958820430	 5.78243225576006	 6.64588580256380
	62	 6.21344556592916	 8.87805667457996	 8.92385174527858	 6.65881574936494
	63	 8.18272681675361	 7.51144843783451	 7.00028011235120	 6.37742187397881
	64	 9.33166132930610	 7.14827316983078	 8.19261176835498	 5.48345528030911
	65	 5.67795830603908	 5.93268424509028	 7.52055184914644	 6.20004184094185
	66	 6.61224775512171	11.07008594498179	 5.59809093557888	 5.76022429445898
	67	 9.18526157242251	10.33093428932847	 6.20248135198736	 5.69069389194741
	68	10.35460673197286	 6.31819949708236	 7.26007034644003	 5.98527710153962
	69	11.41775692269698	 5.38885381828595	 8.60474576946179	 6.01560597252629
	70	 7.51574587595340	10.20758422859382	 7.95010579784885	 5.84405786774390
	71	 6.67147508169887	 9.99676503954841	 7.88196193877892	 6.36471569850198
	72	 8.81493026032693	 9.55217236694784	 6.88640408825999	 5.85335196560115
	73	10.34100833805265	 6.19309416422451	 6.54276954947828	 5.85229534744097
	74	 8.21225622897127	 9.19420261352311	 5.50976361832561	 6.50474402181068
	75	 5.21712163609094	 8.99345997972815	 8.90935395647960	 6.95465457249704
	76	 7.19263314339272	 7.75122339336118	 6.55400244396229	 6.17420524444947
	77	 7.47042045387234	 8.57992190152031	 8.81054618695823	 5.89474805758430
	78	 9.40144483135410	 8.12162393352070	 6.87945218422346	 5.32293412183378
	79	10.43568612418940	 7.56903040482999	 8.11467631685016	 6.15185553754121
	80	 6.89788205797093	10.49090726456854	 5.60573364312945	 5.90016825245131
	81	 8.40187075462482	 6.63200111204084	 8.80002231974220	 6.52807896556919
	82	11.09530562833293	 7.17846988472875	 6.17825717640593	 5.15314774961649
	83	 5.30169200307174	10.00677222950092	 7.02250570949688	 6.58898550622257
	84	 7.12941565748076	10.79383482977027	 6.94724538603335	 5.63368869104514
	85	10.51315181327761	 7.97803822244174	 6.23221470948432	 5.12188223474996
	86	 9.60719281025592	 8.06562427926403	 6.72890591184924	 5.37227501894104
	87	 7.36932186905072	 6.38892407121165	 9.39023244605481	 6.77826088317697
	88	 6.18127154860016	 9.06836518560135	 7.99958754457252	 6.45060931728576
	89	 6.57666298108503	10.99205738028462	 7.73908984591217	 5.72724756133371
	90	 6.32937368664344	 9.62668784336028	 5.84276743584105	 6.21380406480346
	91	 6.05330532218822	 8.22361956350043	 6.47166304886069	 5.62673428466093
	92	 9.79501831949422	 6.36857961118238	 7.54098230329907	 6.39432823108518
	93	 9.91808445954114	 9.13469023862793	 7.98132008822906	 5.00940577737874
	94	10.68937894068579	 9.95804209382347	 5.31316321040921	 5.01886724569659
	95	10.93776822739210	 9.06480582511433	 5.07546190641304	 5.32852345019194
	96	 8.91747138855106	 8.89253508752477	 7.04055074088613	 5.94737846911610
	97	 9.44216658550990	 5.79280042118289	 8.05260652410974	 6.70053612755559
	98	 8.06891980451287	11.30085871569205	 6.46414921073781	 5.58982387487253
	99	 7.33190851491788	 9.58145942349845	 5.25495825638714	 5.61862630847008
	100	 9.66308325670658	10.43672680962318	 5.88883182273180	 5.27629211394324
	